<?xml version="1.0"?>
<opencv_storage>
<opencv_lbphfaces>
  <threshold>1.7976931348623157e+308</threshold>
  <radius>2</radius>
  <neighbors>2</neighbors>
  <grid_x>7</grid_x>
  <grid_y>7</grid_y>
  <histograms>
    <_ type_id="opencv-matrix">
      <rows>1</rows>
      <cols>196</cols>
      <dt>f</dt>
      <data>
        1.31944448e-01 2.15277776e-01 2.77777780e-02 6.25000000e-01
        1.25000000e-01 5.55555582e-01 2.77777780e-02 2.91666657e-01
        2.01388896e-01 5.90277791e-01 5.55555560e-02 1.52777776e-01
        1.87500000e-01 4.58333343e-01 8.33333358e-02 2.70833343e-01
        1.66666672e-01 6.25000000e-01 2.77777780e-02 1.80555552e-01
        2.50000000e-01 0. 5.69444478e-01 1.80555552e-01 1.45833328e-01
        7.63888881e-02 5.34722209e-01 2.43055552e-01 1.18055560e-01
        4.44444448e-01 1.45833328e-01 2.91666657e-01 1.25000000e-01
        5.83333313e-01 8.33333358e-02 2.08333328e-01 2.77777780e-02
        9.09722209e-01 0. 6.25000000e-02 3.33333343e-01 3.40277791e-01
        9.72222239e-02 2.29166672e-01 1.18055560e-01 4.51388896e-01
        2.01388896e-01 2.29166672e-01 2.08333328e-01 1.52777776e-01
        4.79166657e-01 1.59722224e-01 1.38888896e-01 4.86111119e-02
        5.76388896e-01 2.36111119e-01 1.18055560e-01 5.41666687e-01
        9.02777761e-02 2.50000000e-01 2.50000000e-01 3.12500000e-01
        2.08333328e-01 2.29166672e-01 1.52777776e-01 3.40277791e-01
        2.29166672e-01 2.77777791e-01 1.52777776e-01 5.41666687e-01
        2.50000000e-01 5.55555560e-02 1.04166664e-01 2.56944448e-01
        4.44444448e-01 1.94444448e-01 1.25000000e-01 5.00000000e-01
        2.36111119e-01 1.38888896e-01 2.22222224e-01 1.31944448e-01
        4.37500000e-01 2.08333328e-01 1.25000000e-01 7.08333313e-01
        3.47222239e-02 1.31944448e-01 8.33333358e-02 5.90277791e-01
        9.72222239e-02 2.29166672e-01 1.73611119e-01 2.29166672e-01
        4.93055552e-01 1.04166664e-01 1.66666672e-01 5.69444478e-01
        6.25000000e-02 2.01388896e-01 2.08333328e-01 2.29166672e-01
        2.91666657e-01 2.70833343e-01 1.59722224e-01 4.72222239e-01
        1.80555552e-01 1.87500000e-01 1.38888896e-01 1.38888890e-02
        7.43055582e-01 1.04166664e-01 1.80555552e-01 5.76388896e-01
        2.77777780e-02 2.15277776e-01 2.15277776e-01 5.13888896e-01
        1.31944448e-01 1.38888896e-01 2.15277776e-01 1.73611119e-01
        2.70833343e-01 3.40277791e-01 1.31944448e-01 7.98611104e-01
        1.38888890e-02 5.55555560e-02 2.43055552e-01 1.94444448e-01
        3.05555552e-01 2.56944448e-01 1.73611119e-01 2.15277776e-01
        3.40277791e-01 2.70833343e-01 1.80555552e-01 3.47222239e-02
        5.41666687e-01 2.43055552e-01 1.73611119e-01 3.40277791e-01
        1.59722224e-01 3.26388896e-01 2.63888896e-01 3.61111104e-01
        1.73611119e-01 2.01388896e-01 1.38888896e-01 3.26388896e-01
        2.43055552e-01 2.91666657e-01 2.22222224e-01 4.93055552e-01
        9.72222239e-02 1.87500000e-01 2.84722239e-01 2.70833343e-01
        2.01388896e-01 2.43055552e-01 1.45833328e-01 5.55555560e-02
        5.48611104e-01 2.50000000e-01 1.45833328e-01 2.98611104e-01
        3.26388896e-01 2.29166672e-01 1.59722224e-01 1.80555552e-01
        3.40277791e-01 3.19444448e-01 2.63888896e-01 3.40277791e-01
        1.38888896e-01 2.56944448e-01 1.45833328e-01 5.20833313e-01
        1.25000000e-01 2.08333328e-01 1.66666672e-01 5.06944478e-01
        1.25000000e-01 2.01388896e-01 1.45833328e-01 4.58333343e-01
        1.87500000e-01 2.08333328e-01 2.63888896e-01 1.45833328e-01
        3.12500000e-01 2.77777791e-01 2.08333328e-01 2.70833343e-01
        2.56944448e-01 2.63888896e-01</data></_>
    <_ type_id="opencv-matrix">
      <rows>1</rows>
      <cols>196</cols>
      <dt>f</dt>
      <data>
        1.31944448e-01 2.15277776e-01 2.77777780e-02 6.25000000e-01
        1.25000000e-01 5.55555582e-01 2.77777780e-02 2.91666657e-01
        2.01388896e-01 5.90277791e-01 5.55555560e-02 1.52777776e-01
        1.87500000e-01 4.58333343e-01 8.33333358e-02 2.70833343e-01
        1.66666672e-01 6.25000000e-01 2.77777780e-02 1.80555552e-01
        2.50000000e-01 0. 5.69444478e-01 1.80555552e-01 1.45833328e-01
        7.63888881e-02 5.34722209e-01 2.43055552e-01 1.18055560e-01
        4.44444448e-01 1.45833328e-01 2.91666657e-01 1.25000000e-01
        5.83333313e-01 8.33333358e-02 2.08333328e-01 2.77777780e-02
        9.09722209e-01 0. 6.25000000e-02 3.33333343e-01 3.40277791e-01
        9.72222239e-02 2.29166672e-01 1.18055560e-01 4.51388896e-01
        2.01388896e-01 2.29166672e-01 2.08333328e-01 1.52777776e-01
        4.79166657e-01 1.59722224e-01 1.38888896e-01 4.86111119e-02
        5.76388896e-01 2.36111119e-01 1.18055560e-01 5.41666687e-01
        9.02777761e-02 2.50000000e-01 2.50000000e-01 3.12500000e-01
        2.08333328e-01 2.29166672e-01 1.52777776e-01 3.40277791e-01
        2.29166672e-01 2.77777791e-01 1.52777776e-01 5.41666687e-01
        2.50000000e-01 5.55555560e-02 1.04166664e-01 2.56944448e-01
        4.44444448e-01 1.94444448e-01 1.25000000e-01 5.00000000e-01
        2.36111119e-01 1.38888896e-01 2.22222224e-01 1.31944448e-01
        4.37500000e-01 2.08333328e-01 1.25000000e-01 7.08333313e-01
        3.47222239e-02 1.31944448e-01 8.33333358e-02 5.90277791e-01
        9.72222239e-02 2.29166672e-01 1.73611119e-01 2.29166672e-01
        4.93055552e-01 1.04166664e-01 1.66666672e-01 5.69444478e-01
        6.25000000e-02 2.01388896e-01 2.08333328e-01 2.29166672e-01
        2.91666657e-01 2.70833343e-01 1.59722224e-01 4.72222239e-01
        1.80555552e-01 1.87500000e-01 1.38888896e-01 1.38888890e-02
        7.43055582e-01 1.04166664e-01 1.80555552e-01 5.76388896e-01
        2.77777780e-02 2.15277776e-01 2.15277776e-01 5.13888896e-01
        1.31944448e-01 1.38888896e-01 2.15277776e-01 1.73611119e-01
        2.70833343e-01 3.40277791e-01 1.31944448e-01 7.98611104e-01
        1.38888890e-02 5.55555560e-02 2.43055552e-01 1.94444448e-01
        3.05555552e-01 2.56944448e-01 1.73611119e-01 2.15277776e-01
        3.40277791e-01 2.70833343e-01 1.80555552e-01 3.47222239e-02
        5.41666687e-01 2.43055552e-01 1.73611119e-01 3.40277791e-01
        1.59722224e-01 3.26388896e-01 2.63888896e-01 3.61111104e-01
        1.73611119e-01 2.01388896e-01 1.38888896e-01 3.26388896e-01
        2.43055552e-01 2.91666657e-01 2.22222224e-01 4.93055552e-01
        9.72222239e-02 1.87500000e-01 2.84722239e-01 2.70833343e-01
        2.01388896e-01 2.43055552e-01 1.45833328e-01 5.55555560e-02
        5.48611104e-01 2.50000000e-01 1.45833328e-01 2.98611104e-01
        3.26388896e-01 2.29166672e-01 1.59722224e-01 1.80555552e-01
        3.40277791e-01 3.19444448e-01 2.63888896e-01 3.40277791e-01
        1.38888896e-01 2.56944448e-01 1.45833328e-01 5.20833313e-01
        1.25000000e-01 2.08333328e-01 1.66666672e-01 5.06944478e-01
        1.25000000e-01 2.01388896e-01 1.45833328e-01 4.58333343e-01
        1.87500000e-01 2.08333328e-01 2.63888896e-01 1.45833328e-01
        3.12500000e-01 2.77777791e-01 2.08333328e-01 2.70833343e-01
        2.56944448e-01 2.63888896e-01</data></_>
    <_ type_id="opencv-matrix">
      <rows>1</rows>
      <cols>196</cols>
      <dt>f</dt>
      <data>
        1.31944448e-01 2.15277776e-01 2.77777780e-02 6.25000000e-01
        1.25000000e-01 5.55555582e-01 2.77777780e-02 2.91666657e-01
        2.01388896e-01 5.90277791e-01 5.55555560e-02 1.52777776e-01
        1.87500000e-01 4.58333343e-01 8.33333358e-02 2.70833343e-01
        1.66666672e-01 6.25000000e-01 2.77777780e-02 1.80555552e-01
        2.50000000e-01 0. 5.69444478e-01 1.80555552e-01 1.45833328e-01
        7.63888881e-02 5.34722209e-01 2.43055552e-01 1.18055560e-01
        4.44444448e-01 1.45833328e-01 2.91666657e-01 1.25000000e-01
        5.83333313e-01 8.33333358e-02 2.08333328e-01 2.77777780e-02
        9.09722209e-01 0. 6.25000000e-02 3.33333343e-01 3.40277791e-01
        9.72222239e-02 2.29166672e-01 1.18055560e-01 4.51388896e-01
        2.01388896e-01 2.29166672e-01 2.08333328e-01 1.52777776e-01
