<?xml version="1.0"?>
<opencv_storage>
<opencv_lbphfaces>
  <threshold>1.7976931348623157e+308</threshold>
  <radius>2</radius>
  <neighbors>2</neighbors>
  <grid_x>7</grid_x>
  <grid_y>7</grid_y>
  <histograms>
    <_ type_id="opencv-matrix">
      <rows>1</rows>
      <cols>196</cols>
      <dt>f</dt>
      <data>
        3.95668484e-02 9.37109515e-02 4.21491057e-01 4.45231169e-01
        4.03998345e-02 6.91795111e-01 5.45606017e-02 2.13244483e-01
        6.03915043e-02 4.98125792e-01 1.12453148e-01 3.29029560e-01
        4.74802181e-02 1.12869635e-01 5.21449387e-01 3.18200737e-01
        1.79092046e-02 1.08288210e-02 8.41316104e-01 1.29945859e-01
        3.95668484e-02 3.66513968e-01 3.66097450e-01 2.27821738e-01
        5.53935878e-02 1.59516871e-01 2.36151606e-01 5.48937917e-01
        4.49812599e-02 4.62307364e-01 2.54477292e-01 2.38234073e-01
        5.95585182e-02 5.95585167e-01 1.48271561e-01 1.96584761e-01
        5.53935878e-02 4.23990011e-01 1.12036653e-01 4.08579767e-01
        5.20616397e-02 1.56184927e-01 2.57392764e-01 5.34360707e-01
        2.79050395e-02 1.45772593e-02 8.22157443e-01 1.35360271e-01
        6.20574765e-02 1.84922948e-01 5.43523550e-01 2.09496051e-01
        4.03998345e-02 2.02415660e-01 1.53269470e-01 6.03915036e-01
        9.53769237e-02 5.51853418e-01 1.56601414e-01 1.96168259e-01
        5.83090372e-02 5.34360707e-01 1.91586837e-01 2.15743437e-01
        8.24656412e-02 3.23615164e-01 3.44023317e-01 2.49895886e-01
        4.33152840e-02 3.54019165e-01 4.04831320e-01 1.97834238e-01
        7.66347349e-02 3.13619316e-01 4.22740519e-01 1.87005416e-01
        6.12244904e-02 1.40774682e-01 6.53477728e-01 1.44523114e-01
        4.37317789e-02 1.69096217e-01 1.22448981e-01 6.64723039e-01
        6.83048740e-02 5.29362798e-01 3.02374005e-01 9.99583527e-02
        6.87213689e-02 4.35651809e-01 1.63265303e-01 3.32361519e-01
        5.08121625e-02 1.47855058e-01 4.09829229e-01 3.91503543e-01
        7.37192854e-02 1.82423994e-01 4.89379436e-01 2.54477292e-01
        7.41357803e-02 3.80674720e-01 2.75301963e-01 2.69887537e-01
        7.66347349e-02 1.51187003e-01 5.15201986e-01 2.56976247e-01
        7.24698082e-02 1.88254893e-01 1.35360271e-01 6.03915036e-01
        8.12161639e-02 5.36026657e-01 2.48229906e-01 1.34527281e-01
        3.91503535e-02 5.85172832e-01 2.39067063e-01 1.36609748e-01
        6.08079955e-02 2.49479383e-01 4.80633080e-01 2.09079549e-01
        6.08079955e-02 2.87380248e-01 5.14785528e-01 1.37026235e-01
        5.78925461e-02 5.98500609e-01 1.78259060e-01 1.65347770e-01
        3.24864648e-02 1.87421907e-02 8.45064580e-01 1.03706792e-01
        8.03831741e-02 1.43273637e-01 1.69096217e-01 6.07246995e-01
        2.16576420e-02 2.83631831e-01 2.70720534e-02 6.67638481e-01
        4.66472320e-02 6.37650967e-01 1.40774682e-01 1.74927115e-01
        6.28904626e-02 2.15326950e-01 4.98125792e-01 2.23656818e-01
        1.24531448e-01 2.16576427e-01 4.40649718e-01 2.18242407e-01
        6.45564348e-02 5.45606017e-01 2.22407326e-01 1.67430237e-01
        7.24698082e-02 9.41274464e-02 6.41399443e-01 1.92003340e-01
        4.16493118e-02 1.77842572e-01 7.37192854e-02 7.06788838e-01
        1.70762185e-02 3.99833396e-02 3.95668484e-02 9.03373599e-01
        4.28987928e-02 6.13494396e-01 1.65764272e-01 1.77842572e-01
        6.83048740e-02 2.78217405e-01 2.74885476e-01 3.78592253e-01
        6.28904626e-02 1.46605581e-01 5.19783437e-01 2.70720541e-01
        6.74718842e-02 2.44897962e-01 5.19783437e-01 1.67846724e-01
        3.99833396e-02 9.41274464e-02 3.11120361e-01 5.54768860e-01
        1.70762185e-02 2.26988763e-01 4.83132042e-02 7.07621813e-01</data></_>
    <_ type_id="opencv-matrix">
      <rows>1</rows>
      <cols>196</cols>
      <dt>f</dt>
      <data>
        9.87654328e-02 2.59259254e-01 3.82716060e-01 2.59259254e-01
        3.70370373e-02 9.01234567e-01 0. 6.17283955e-02 1.48148149e-01
        5.80246925e-01 8.64197537e-02 1.85185194e-01 1.97530866e-01 0.
        6.54321015e-01 1.48148149e-01 0. 0. 1. 0. 2.46913582e-02
        1.72839507e-01 5.30864179e-01 2.71604955e-01 1.35802478e-01
        3.08641970e-01 4.81481493e-01 7.40740746e-02 8.64197537e-02
        5.55555582e-01 1.11111112e-01 2.46913582e-01 1.85185194e-01
        4.56790119e-01 1.35802478e-01 2.22222224e-01 1.23456791e-01
        4.81481493e-01 1.48148149e-01 2.46913582e-01 1.97530866e-01
        2.22222224e-01 3.45679015e-01 2.34567910e-01 3.70370373e-02 0.
        9.01234567e-01 6.17283955e-02 1.35802478e-01 1.72839507e-01
        4.32098776e-01 2.59259254e-01 1.72839507e-01 2.71604955e-01
        3.70370388e-01 1.85185194e-01 8.64197537e-02 6.17283940e-01
        6.17283955e-02 2.34567910e-01 2.46913582e-01 3.70370388e-01
        2.46913582e-01 1.35802478e-01 1.23456791e-02 4.32098776e-01
        3.20987642e-01 2.34567910e-01 1.97530866e-01 2.96296299e-01
        3.33333343e-01 1.72839507e-01 2.46913582e-01 2.09876537e-01
        3.45679015e-01 1.97530866e-01 1.60493821e-01 1.23456791e-01
        5.30864179e-01 1.85185194e-01 2.71604955e-01 2.46913582e-01
        1.35802478e-01 3.45679015e-01 4.93827164e-02 4.81481493e-01
        2.34567910e-01 2.34567910e-01 1.85185194e-01 4.44444448e-01
        2.83950627e-01 8.64197537e-02 1.60493821e-01 1.35802478e-01
        4.07407403e-01 2.96296299e-01 2.34567910e-01 1.35802478e-01
        4.32098776e-01 1.97530866e-01 2.34567910e-01 3.58024687e-01
        1.35802478e-01 2.71604955e-01 1.48148149e-01 2.46913582e-02
        6.66666687e-01 1.60493821e-01 2.22222224e-01 1.35802478e-01
        1.35802478e-01 5.06172836e-01 1.60493821e-01 3.82716060e-01
        1.97530866e-01 2.59259254e-01 2.09876537e-01 4.69135821e-01
        2.34567910e-01 8.64197537e-02 1.72839507e-01 2.22222224e-01
        3.45679015e-01 2.59259254e-01 2.09876537e-01 1.85185194e-01
        4.69135821e-01 1.35802478e-01 1.72839507e-01 5.30864179e-01
        1.11111112e-01 1.85185194e-01 7.40740746e-02 0. 9.13580239e-01
        1.23456791e-02 8.64197537e-02 1.60493821e-01 1.72839507e-01
        5.80246925e-01 7.40740746e-02 5.67901254e-01 7.40740746e-02
        2.83950627e-01 1.97530866e-01 5.43209910e-01 2.22222224e-01
        3.70370373e-02 1.11111112e-01 2.46913582e-01 4.07407403e-01
        2.34567910e-01 2.46913582e-01 6.17283955e-02 4.69135821e-01
        2.22222224e-01 1.23456791e-01 5.67901254e-01 1.11111112e-01
        1.97530866e-01 1.60493821e-01 0. 6.79012358e-01 1.60493821e-01
        1.48148149e-01 5.18518507e-01 3.70370373e-02 2.96296299e-01
        1.85185194e-01 1.48148149e-01 2.71604955e-01 3.95061731e-01
        8.64197537e-02 7.65432119e-01 0. 1.48148149e-01 2.22222224e-01
        2.59259254e-01 3.20987642e-01 1.97530866e-01 1.23456791e-01
        1.11111112e-01 5.55555582e-01 2.09876537e-01 2.83950627e-01
        1.97530866e-01 3.45679015e-01 1.72839507e-01 7.40740746e-02
        1.72839507e-01 3.95061731e-01 3.58024687e-01 4.93827164e-02
        6.17283940e-01 1.23456791e-02 3.20987642e-01</data></_></histograms>
  <labels type_id="opencv-matrix">
    <rows>2</rows>
    <cols>1</cols>
    <dt>i</dt>
    <data>
      1 1</data></labels>
  <labelsInfo>
    </labelsInfo></opencv_lbphfaces>
</opencv_storage>
