<?xml version="1.0"?>
<opencv_storage>
<opencv_lbphfaces>
  <threshold>1.7976931348623157e+308</threshold>
  <radius>2</radius>
  <neighbors>2</neighbors>
  <grid_x>7</grid_x>
  <grid_y>7</grid_y>
  <histograms>
    <_ type_id="opencv-matrix">
      <rows>1</rows>
      <cols>196</cols>
      <dt>f</dt>
      <data>
        1.89966276e-01 1.88512117e-01 2.23279789e-01 3.98241758e-01
        1.61081359e-01 2.59171128e-01 2.83296973e-01 2.96450526e-01
        1.95782930e-01 2.73382246e-01 2.54279852e-01 2.76554942e-01
        1.95782930e-01 2.53486663e-01 2.75034696e-01 2.75695682e-01
        1.78531289e-01 2.55866200e-01 2.71994174e-01 2.93608278e-01
        1.90561160e-01 2.53618866e-01 2.78141290e-01 2.77678609e-01
        1.57512054e-01 3.80593538e-01 1.75821260e-01 2.86073089e-01
        1.55991793e-01 1.67294592e-01 2.91625351e-01 3.85088235e-01
        1.42309472e-01 3.67241710e-01 2.13959932e-01 2.76488841e-01
        1.92147523e-01 2.67829984e-01 2.68292665e-01 2.71729767e-01
        1.78465188e-01 2.95194656e-01 2.23808572e-01 3.02531540e-01
        1.88115537e-01 1.56983271e-01 3.42719257e-01 3.12181890e-01
        1.76217854e-01 1.83224261e-01 3.49130780e-01 2.91427046e-01
        1.68021679e-01 2.97904670e-01 2.09134758e-01 3.24938834e-01
        1.44226313e-01 2.04904482e-01 2.68160462e-01 3.82708699e-01
        1.23339273e-01 2.43836328e-01 3.43909025e-01 2.88915306e-01
        1.47068530e-01 2.76488841e-01 3.11058223e-01 2.65384346e-01
        1.46804139e-01 2.81644523e-01 2.90766060e-01 2.80785233e-01
        1.64584562e-01 1.75028086e-01 3.30160588e-01 3.30226690e-01
        1.64848953e-01 2.42580459e-01 2.64855564e-01 3.27714980e-01
        1.58966213e-01 2.73448318e-01 2.57981360e-01 3.09604049e-01
        1.39401138e-01 2.38350183e-01 3.01473975e-01 3.20774645e-01
        1.53347865e-01 3.27053994e-01 1.93205088e-01 3.26393008e-01
        1.45812675e-01 2.20834151e-01 2.96450526e-01 3.36902618e-01
        1.24198556e-01 1.64254069e-01 4.62224841e-01 2.49322474e-01
        1.18910693e-01 3.28375936e-01 2.58906722e-01 2.93806583e-01
        1.36426717e-01 2.09333062e-01 3.06233048e-01 3.48007113e-01
        1.73045143e-01 3.04117918e-01 2.09399164e-01 3.13437760e-01
        1.60155982e-01 1.95254132e-01 2.58510143e-01 3.86079699e-01
        1.87057957e-01 2.70341724e-01 1.73904419e-01 3.68695855e-01
        1.42309472e-01 2.30616689e-01 2.95459032e-01 3.31614763e-01
        1.42375559e-01 1.65443838e-01 4.25672531e-01 2.66508013e-01
        1.33187905e-01 3.71405900e-01 1.88578218e-01 3.06827933e-01
        1.46275356e-01 1.28759325e-01 3.90640467e-01 3.34324777e-01
        1.75821260e-01 2.21296832e-01 2.18851209e-01 3.84030640e-01
        1.69145346e-01 1.88379928e-01 2.07019627e-01 4.35455054e-01
        1.59957692e-01 2.12770164e-01 2.50313967e-01 3.76958132e-01
        1.66237026e-01 2.21825615e-01 2.91096568e-01 3.20840746e-01
        1.15671881e-01 1.93535581e-01 3.95201236e-01 2.95591235e-01
        1.06352031e-01 3.02333266e-01 2.56857663e-01 3.34456980e-01
        1.79060072e-01 2.58906722e-01 2.08672076e-01 3.53361070e-01
        1.67492881e-01 1.80910826e-01 2.10588932e-01 4.41007316e-01
        1.66501418e-01 2.45885372e-01 2.09068671e-01 3.78544509e-01
        1.48853183e-01 2.24205151e-01 2.47207344e-01 3.79734278e-01
        1.26908585e-01 1.06616430e-01 3.91896337e-01 3.74578595e-01
        1.45548284e-01 1.67558983e-01 3.40009242e-01 3.46883446e-01
        2.02128351e-01 2.15546295e-01 2.54213750e-01 3.28111559e-01
        1.55991793e-01 2.62211621e-01 2.23147586e-01 3.58648926e-01
        1.71260491e-01 1.81175217e-01 2.18719006e-01 4.28845257e-01</data></_>
    <_ type_id="opencv-matrix">
      <rows>1</rows>
      <cols>196</cols>
      <dt>f</dt>
      <data>
        1.89966276e-01 1.88512117e-01 2.23279789e-01 3.98241758e-01
        1.61081359e-01 2.59171128e-01 2.83296973e-01 2.96450526e-01
        1.95782930e-01 2.73382246e-01 2.54279852e-01 2.76554942e-01
        1.95782930e-01 2.53486663e-01 2.75034696e-01 2.75695682e-01
        1.78531289e-01 2.55866200e-01 2.71994174e-01 2.93608278e-01
        1.90561160e-01 2.53618866e-01 2.78141290e-01 2.77678609e-01
        1.57512054e-01 3.80593538e-01 1.75821260e-01 2.86073089e-01
        1.55991793e-01 1.67294592e-01 2.91625351e-01 3.85088235e-01
        1.42309472e-01 3.67241710e-01 2.13959932e-01 2.76488841e-01
        1.92147523e-01 2.67829984e-01 2.68292665e-01 2.71729767e-01
        1.78465188e-01 2.95194656e-01 2.23808572e-01 3.02531540e-01
        1.88115537e-01 1.56983271e-01 3.42719257e-01 3.12181890e-01
        1.76217854e-01 1.83224261e-01 3.49130780e-01 2.91427046e-01
        1.68021679e-01 2.97904670e-01 2.09134758e-01 3.24938834e-01
        1.44226313e-01 2.04904482e-01 2.68160462e-01 3.82708699e-01
        1.23339273e-01 2.43836328e-01 3.43909025e-01 2.88915306e-01
        1.47068530e-01 2.76488841e-01 3.11058223e-01 2.65384346e-01
        1.46804139e-01 2.81644523e-01 2.90766060e-01 2.80785233e-01
        1.64584562e-01 1.75028086e-01 3.30160588e-01 3.30226690e-01
        1.64848953e-01 2.42580459e-01 2.64855564e-01 3.27714980e-01
        1.58966213e-01 2.73448318e-01 2.57981360e-01 3.09604049e-01
        1.39401138e-01 2.38350183e-01 3.01473975e-01 3.20774645e-01
        1.53347865e-01 3.27053994e-01 1.93205088e-01 3.26393008e-01
        1.45812675e-01 2.20834151e-01 2.96450526e-01 3.36902618e-01
        1.24198556e-01 1.64254069e-01 4.62224841e-01 2.49322474e-01
        1.18910693e-01 3.28375936e-01 2.58906722e-01 2.93806583e-01
        1.36426717e-01 2.09333062e-01 3.06233048e-01 3.48007113e-01
        1.73045143e-01 3.04117918e-01 2.09399164e-01 3.13437760e-01
        1.60155982e-01 1.95254132e-01 2.58510143e-01 3.86079699e-01
        1.87057957e-01 2.70341724e-01 1.73904419e-01 3.68695855e-01
        1.42309472e-01 2.30616689e-01 2.95459032e-01 3.31614763e-01
        1.42375559e-01 1.65443838e-01 4.25672531e-01 2.66508013e-01
        1.33187905e-01 3.71405900e-01 1.88578218e-01 3.06827933e-01
        1.46275356e-01 1.28759325e-01 3.90640467e-01 3.34324777e-01
        1.75821260e-01 2.21296832e-01 2.18851209e-01 3.84030640e-01
        1.69145346e-01 1.88379928e-01 2.07019627e-01 4.35455054e-01
        1.59957692e-01 2.12770164e-01 2.50313967e-01 3.76958132e-01
        1.66237026e-01 2.21825615e-01 2.91096568e-01 3.20840746e-01
        1.15671881e-01 1.93535581e-01 3.95201236e-01 2.95591235e-01
        1.06352031e-01 3.02333266e-01 2.56857663e-01 3.34456980e-01
        1.79060072e-01 2.58906722e-01 2.08672076e-01 3.53361070e-01
        1.67492881e-01 1.80910826e-01 2.10588932e-01 4.41007316e-01
        1.66501418e-01 2.45885372e-01 2.09068671e-01 3.78544509e-01
        1.48853183e-01 2.24205151e-01 2.47207344e-01 3.79734278e-01
        1.26908585e-01 1.06616430e-01 3.91896337e-01 3.74578595e-01
        1.45548284e-01 1.67558983e-01 3.40009242e-01 3.46883446e-01
        2.02128351e-01 2.15546295e-01 2.54213750e-01 3.28111559e-01
        1.55991793e-01 2.62211621e-01 2.23147586e-01 3.58648926e-01
        1.71260491e-01 1.81175217e-01 2.18719006e-01 4.28845257e-01</data></_>
    <_ type_id="opencv-matrix">
      <rows>1</rows>
      <cols>196</cols>
      <dt>f</dt>
      <data>
        1.89966276e-01 1.88512117e-01 2.23279789e-01 3.98241758e-01
        1.61081359e-01 2.59171128e-01 2.83296973e-01 2.96450526e-01
        1.95782930e-01 2.73382246e-01 2.54279852e-01 2.76554942e-01
        1.95782930e-01 2.53486663e-01 2.75034696e-01 2.75695682e-01
        1.78531289e-01 2.55866200e-01 2.71994174e-01 2.93608278e-01
        1.90561160e-01 2.53618866e-01 2.78141290e-01 2.77678609e-01
        1.57512054e-01 3.80593538e-01 1.75821260e-01 2.86073089e-01
        1.55991793e-01 1.67294592e-01 2.91625351e-01 3.85088235e-01
        1.42309472e-01 3.67241710e-01 2.13959932e-01 2.76488841e-01
        1.92147523e-01 2.67829984e-01 2.68292665e-01 2.71729767e-01
        1.78465188e-01 2.95194656e-01 2.23808572e-01 3.02531540e-01
