<?xml version="1.0"?>
<opencv_storage>
<opencv_lbphfaces>
  <threshold>1.7976931348623157e+308</threshold>
  <radius>2</radius>
  <neighbors>2</neighbors>
  <grid_x>7</grid_x>
  <grid_y>7</grid_y>
  <histograms>
    <_ type_id="opencv-matrix">
      <rows>1</rows>
      <cols>196</cols>
      <dt>f</dt>
      <data>
        8.87574032e-02 5.96975684e-01 1.76857337e-01 1.37409598e-01
        1.38724536e-01 3.98422122e-01 1.69625252e-01 2.93228149e-01
        1.15055889e-01 3.95134807e-01 1.55818552e-01 3.33990812e-01
        1.18343197e-01 1.02564104e-01 5.14792919e-01 2.64299810e-01
        6.96909949e-02 5.19395173e-02 7.24523365e-01 1.53846160e-01
        4.93096672e-02 4.01051939e-02 8.14595699e-01 9.59894881e-02
        1.02564104e-01 2.80078918e-01 2.97172934e-01 3.20184112e-01
        1.17028274e-01 5.66074967e-01 1.12426043e-01 2.04470754e-01
        8.80999416e-02 4.99013841e-01 1.47271544e-01 2.65614748e-01
        1.36094674e-01 2.24852085e-01 2.97830373e-01 3.41222882e-01
        1.59105852e-01 2.75476664e-01 2.85338610e-01 2.80078918e-01
        1.07823804e-01 7.03484565e-02 6.50887609e-01 1.70940176e-01
        4.01051939e-02 1.97238661e-02 8.57330739e-01 8.28402415e-02
        1.17028274e-01 2.66272187e-01 3.26758713e-01 2.89940834e-01
        1.13083504e-01 4.50361609e-01 2.61669964e-01 1.74884945e-01
        1.27547666e-01 2.18934923e-01 4.27350432e-01 2.26167008e-01
        1.40696913e-01 5.20710111e-01 1.65680483e-01 1.72912568e-01
        1.04536496e-01 2.39973709e-01 5.13477981e-01 1.42011836e-01
        1.65023014e-01 2.10387915e-01 4.20118362e-01 2.04470754e-01
        1.36094674e-01 2.30769247e-01 4.12886262e-01 2.20249847e-01
        1.22287974e-01 2.12360293e-01 4.31952685e-01 2.33399093e-01
        1.56476006e-01 4.23405677e-01 2.33399093e-01 1.86719269e-01
        8.54700878e-02 4.87179518e-01 1.02564104e-01 3.24786335e-01
        1.19658127e-01 2.18934923e-01 3.94477338e-01 2.66929656e-01
        5.98290637e-02 2.31426701e-01 5.62130213e-01 1.46614075e-01
        1.71597645e-01 4.33925062e-01 1.84746891e-01 2.09730446e-01
        6.04865253e-02 2.82708760e-02 8.00788999e-01 1.10453650e-01
        1.18343197e-01 2.72189349e-01 3.73438537e-01 2.36028939e-01
        1.78172261e-01 2.86653519e-01 3.09664696e-01 2.25509539e-01
        5.78566752e-02 7.24523365e-01 4.73372787e-02 1.70282722e-01
        1.20973051e-01 1.91321507e-01 4.07626569e-01 2.80078918e-01
        1.11768581e-01 2.03813285e-01 5.14135480e-01 1.70282722e-01
        1.15713350e-01 4.83234733e-01 2.72846818e-01 1.28205135e-01
        2.16962527e-02 2.10387912e-02 8.36291969e-01 1.20973051e-01
        1.24917820e-01 3.88560176e-01 1.95923746e-01 2.90598303e-01
        8.74424726e-02 2.51150578e-01 8.21827799e-02 5.79224229e-01
        1.09138727e-01 6.04865253e-01 7.42932335e-02 2.11702839e-01
        1.34779751e-01 2.36686394e-01 3.95134807e-01 2.33399093e-01
        1.29520059e-01 2.41288632e-01 4.43787009e-01 1.85404345e-01
        1.49901390e-01 4.10256416e-01 2.28796855e-01 2.11045370e-01
        3.74753475e-02 3.09007242e-02 8.21827769e-01 1.09796189e-01
        1.08481266e-01 4.08941507e-01 1.04536496e-01 3.78040791e-01
        1.77514795e-02 2.07100600e-01 8.87574032e-02 6.86390579e-01
        1.40696913e-01 4.53648925e-01 1.25575289e-01 2.80078918e-01
        1.20973051e-01 3.99737030e-01 2.68244594e-01 2.11045370e-01
        1.30834982e-01 2.07758069e-01 4.22748208e-01 2.38658786e-01
        1.28862590e-01 2.61669964e-01 4.36554909e-01 1.72912568e-01
        6.96909949e-02 1.90664038e-01 5.70019722e-01 1.69625252e-01
        1.55818552e-01 3.04405004e-01 1.35437220e-01 4.04339254e-01</data></_>
    <_ type_id="opencv-matrix">
      <rows>1</rows>
      <cols>196</cols>
      <dt>f</dt>
      <data>
        8.87574032e-02 5.96975684e-01 1.76857337e-01 1.37409598e-01
        1.38724536e-01 3.98422122e-01 1.69625252e-01 2.93228149e-01
        1.15055889e-01 3.95134807e-01 1.55818552e-01 3.33990812e-01
        1.18343197e-01 1.02564104e-01 5.14792919e-01 2.64299810e-01
        6.96909949e-02 5.19395173e-02 7.24523365e-01 1.53846160e-01
        4.93096672e-02 4.01051939e-02 8.14595699e-01 9.59894881e-02
        1.02564104e-01 2.80078918e-01 2.97172934e-01 3.20184112e-01
        1.17028274e-01 5.66074967e-01 1.12426043e-01 2.04470754e-01
        8.80999416e-02 4.99013841e-01 1.47271544e-01 2.65614748e-01
        1.36094674e-01 2.24852085e-01 2.97830373e-01 3.41222882e-01
        1.59105852e-01 2.75476664e-01 2.85338610e-01 2.80078918e-01
        1.07823804e-01 7.03484565e-02 6.50887609e-01 1.70940176e-01
        4.01051939e-02 1.97238661e-02 8.57330739e-01 8.28402415e-02
        1.17028274e-01 2.66272187e-01 3.26758713e-01 2.89940834e-01
        1.13083504e-01 4.50361609e-01 2.61669964e-01 1.74884945e-01
        1.27547666e-01 2.18934923e-01 4.27350432e-01 2.26167008e-01
        1.40696913e-01 5.20710111e-01 1.65680483e-01 1.72912568e-01
        1.04536496e-01 2.39973709e-01 5.13477981e-01 1.42011836e-01
        1.65023014e-01 2.10387915e-01 4.20118362e-01 2.04470754e-01
        1.36094674e-01 2.30769247e-01 4.12886262e-01 2.20249847e-01
        1.22287974e-01 2.12360293e-01 4.31952685e-01 2.33399093e-01
        1.56476006e-01 4.23405677e-01 2.33399093e-01 1.86719269e-01
        8.54700878e-02 4.87179518e-01 1.02564104e-01 3.24786335e-01
        1.19658127e-01 2.18934923e-01 3.94477338e-01 2.66929656e-01
        5.98290637e-02 2.31426701e-01 5.62130213e-01 1.46614075e-01
        1.71597645e-01 4.33925062e-01 1.84746891e-01 2.09730446e-01
        6.04865253e-02 2.82708760e-02 8.00788999e-01 1.10453650e-01
        1.18343197e-01 2.72189349e-01 3.73438537e-01 2.36028939e-01
        1.78172261e-01 2.86653519e-01 3.09664696e-01 2.25509539e-01
        5.78566752e-02 7.24523365e-01 4.73372787e-02 1.70282722e-01
        1.20973051e-01 1.91321507e-01 4.07626569e-01 2.80078918e-01
        1.11768581e-01 2.03813285e-01 5.14135480e-01 1.70282722e-01
        1.15713350e-01 4.83234733e-01 2.72846818e-01 1.28205135e-01
        2.16962527e-02 2.10387912e-02 8.36291969e-01 1.20973051e-01
        1.24917820e-01 3.88560176e-01 1.95923746e-01 2.90598303e-01
        8.74424726e-02 2.51150578e-01 8.21827799e-02 5.79224229e-01
        1.09138727e-01 6.04865253e-01 7.42932335e-02 2.11702839e-01
        1.34779751e-01 2.36686394e-01 3.95134807e-01 2.33399093e-01
        1.29520059e-01 2.41288632e-01 4.43787009e-01 1.85404345e-01
        1.49901390e-01 4.10256416e-01 2.28796855e-01 2.11045370e-01
        3.74753475e-02 3.09007242e-02 8.21827769e-01 1.09796189e-01
        1.08481266e-01 4.08941507e-01 1.04536496e-01 3.78040791e-01
        1.77514795e-02 2.07100600e-01 8.87574032e-02 6.86390579e-01
        1.40696913e-01 4.53648925e-01 1.25575289e-01 2.80078918e-01
        1.20973051e-01 3.99737030e-01 2.68244594e-01 2.11045370e-01
        1.30834982e-01 2.07758069e-01 4.22748208e-01 2.38658786e-01
        1.28862590e-01 2.61669964e-01 4.36554909e-01 1.72912568e-01
        6.96909949e-02 1.90664038e-01 5.70019722e-01 1.69625252e-01
        1.55818552e-01 3.04405004e-01 1.35437220e-01 4.04339254e-01</data></_>
    <_ type_id="opencv-matrix">
      <rows>1</rows>
      <cols>196</cols>
      <dt>f</dt>
      <data>
        8.87574032e-02 5.96975684e-01 1.76857337e-01 1.37409598e-01
        1.38724536e-01 3.98422122e-01 1.69625252e-01 2.93228149e-01
        1.15055889e-01 3.95134807e-01 1.55818552e-01 3.33990812e-01
        1.18343197e-01 1.02564104e-01 5.14792919e-01 2.64299810e-01
        6.96909949e-02 5.19395173e-02 7.24523365e-01 1.53846160e-01
        4.93096672e-02 4.01051939e-02 8.14595699e-01 9.59894881e-02
        1.02564104e-01 2.80078918e-01 2.97172934e-01 3.20184112e-01
        1.17028274e-01 5.66074967e-01 1.12426043e-01 2.04470754e-01
        8.80999416e-02 4.99013841e-01 1.47271544e-01 2.65614748e-01
        1.36094674e-01 2.24852085e-01 2.97830373e-01 3.41222882e-01
        1.59105852e-01 2.75476664e-01 2.85338610e-01 2.80078918e-01
